y0 = 21.000000 m; v0y = 2.200000 m/s; a = 1.000000 m, ymax = 21.246771 m
t(s)	ysur(m)	vy(m/s)
0.00	21.000000	2.200000
0.01	21.021509	2.101933
0.02	21.042040	2.003867
0.03	21.061586	1.905801
0.04	21.080154	1.807734
0.05	21.097742	1.709668
0.06	21.114347	1.611601
0.07	21.129972	1.513535
0.08	21.144619	1.415468
0.09	21.158283	1.317402
0.10	21.170965	1.219335
0.11	21.182671	1.121269
0.12	21.193392	1.023202
0.13	21.203133	0.925136
0.14	21.211895	0.827069
0.15	21.219675	0.729003
0.16	21.226475	0.630936
0.17	21.232294	0.532869
0.18	21.237133	0.434803
0.19	21.240990	0.336736
0.20	21.243868	0.238670
0.21	21.245764	0.140603
0.22	21.246677	0.042537
0.23	21.246614	-0.055530
0.24	21.245567	-0.153596
0.25	21.243542	-0.251663
0.26	21.240536	-0.349729
0.27	21.236547	-0.447796
0.28	21.231579	-0.545862
0.29	21.225632	-0.643929
0.30	21.218700	-0.741995
0.31	21.210791	-0.840061
0.32	21.201900	-0.938128
0.33	21.192028	-1.036194
0.34	21.181175	-1.134260
0.35	21.169344	-1.232327
0.36	21.156528	-1.330393
0.37	21.142735	-1.428460
0.38	21.127960	-1.526526
0.39	21.112204	-1.624593
0.40	21.095469	-1.722659
0.41	21.077751	-1.820725
0.42	21.059053	-1.918792
0.43	21.039375	-2.016858
0.44	21.018717	-2.114925
0.45	20.997078	-2.212991
0.46	20.974457	-2.311057
0.47	20.950857	-2.409124
0.48	20.926275	-2.507190
0.49	20.900711	-2.605257
0.50	20.874170	-2.703323
0.51	20.846645	-2.801389
0.52	20.818142	-2.899456
0.53	20.788658	-2.997523
0.54	20.758192	-3.095589
0.55	20.726744	-3.193655
0.56	20.694319	-3.291722
0.57	20.660912	-3.389788
0.58	20.626522	-3.487855
0.59	20.591154	-3.585921
0.60	20.554804	-3.683987
0.61	20.517473	-3.782054
0.62	20.479162	-3.880120
0.63	20.439873	-3.978186
0.64	20.399599	-4.076253
0.65	20.358347	-4.174319
0.66	20.316113	-4.272386
0.67	20.272898	-4.370452
0.68	20.228703	-4.468518
0.69	20.183529	-4.566585
0.70	20.137373	-4.664652
0.71	20.090235	-4.762718
0.72	20.042118	-4.860785
0.73	19.993019	-4.958851
0.74	19.942940	-5.056917
0.75	19.891882	-5.154984
0.76	19.839842	-5.253050
0.77	19.786819	-5.351116
0.78	19.732821	-5.449183
0.79	19.677837	-5.547249
0.80	19.621874	-5.645315
0.81	19.564932	-5.743382
0.82	19.507008	-5.841449
0.83	19.448101	-5.939515
0.84	19.388218	-6.037581
0.85	19.327351	-6.135648
0.86	19.265503	-6.233714
0.87	19.202677	-6.331780
0.88	19.138868	-6.429847
0.89	19.074080	-6.527913
0.90	19.008310	-6.625979
0.91	18.941561	-6.724047
0.92	18.873829	-6.822113
0.93	18.805119	-6.920179
0.94	18.735426	-7.018246
0.95	18.664753	-7.116312
0.96	18.593102	-7.214378
0.97	18.520466	-7.312445
0.98	18.446852	-7.410511
0.99	18.372255	-7.508577
1.00	18.296680	-7.606644
1.01	18.220121	-7.704711
1.02	18.142586	-7.802777
1.03	18.064068	-7.900844
1.04	17.984568	-7.998910
1.05	17.904091	-8.096976
1.06	17.822630	-8.195043
1.07	17.740189	-8.293109
1.08	17.656769	-8.391176
1.09	17.572365	-8.489243
1.10	17.486982	-8.587309
1.11	17.400618	-8.685375
1.12	17.313276	-8.783442
1.13	17.224951	-8.881508
1.14	17.135647	-8.979574
1.15	17.045361	-9.077641
1.16	16.954092	-9.175707
1.17	16.861845	-9.273773
1.18	16.768618	-9.371840
1.19	16.674408	-9.469906
1.20	16.579220	-9.567973
1.21	16.483049	-9.666039
1.22	16.385899	-9.764106
1.23	16.287767	-9.862172
1.24	16.188656	-9.960238
1.25	16.088562	-10.058305
1.26	15.987489	-10.156371
1.27	15.885436	-10.254437
1.28	15.782401	-10.352504
1.29	15.678385	-10.450570
1.30	15.573391	-10.548636
1.31	15.467413	-10.646703
1.32	15.360456	-10.744769
1.33	15.252519	-10.842836
1.34	15.143600	-10.940903
1.35	15.033700	-11.038969
1.36	14.922821	-11.137035
1.37	14.810960	-11.235102
1.38	14.698118	-11.333168
1.39	14.584297	-11.431234
1.40	14.469494	-11.529301
1.41	14.353710	-11.627367
1.42	14.236948	-11.725433
1.43	14.119203	-11.823500
1.44	14.000477	-11.921566
1.45	13.880773	-12.019633
1.46	13.760085	-12.117700
1.47	13.638417	-12.215766
1.48	13.515769	-12.313832
1.49	13.392141	-12.411899
1.50	13.267531	-12.509965
1.51	13.141943	-12.608031
1.52	13.015372	-12.706098
1.53	12.887820	-12.804164
1.54	12.759288	-12.902230
1.55	12.629776	-13.000297
1.56	12.499283	-13.098363
1.57	12.367810	-13.196430
1.58	12.235355	-13.294497
1.59	12.101919	-13.392563
1.60	11.967503	-13.490629
1.61	11.832108	-13.588696
1.62	11.695730	-13.686762
1.63	11.558372	-13.784828
1.64	11.420034	-13.882895
1.65	11.280714	-13.980962
1.66	11.140414	-14.079028
1.67	10.999135	-14.177094
1.68	10.856873	-14.275161
1.69	10.713631	-14.373227
1.70	10.569409	-14.471293
1.71	10.424206	-14.569360
1.72	10.278021	-14.667426
1.73	10.130858	-14.765492
1.74	9.982713	-14.863559
1.75	9.833586	-14.961625
1.76	9.683481	-15.059691
1.77	9.532393	-15.157758
1.78	9.380324	-15.255824
1.79	9.227278	-15.353890
1.80	9.073248	-15.451957
1.81	8.918238	-15.550023
1.82	8.762248	-15.648089
1.83	8.605277	-15.746156
1.84	8.447325	-15.844222
1.85	8.288391	-15.942288
1.86	8.128480	-16.040354
1.87	7.967585	-16.138420
1.88	7.805712	-16.236488
1.89	7.642857	-16.334555
1.90	7.479020	-16.432621
1.91	7.314203	-16.530687
1.92	7.148407	-16.628754
1.93	6.981629	-16.726820
1.94	6.813872	-16.824886
1.95	6.645132	-16.922953
1.96	6.475412	-17.021019
1.97	6.304711	-17.119085
1.98	6.133031	-17.217152
1.99	5.960369	-17.315218
2.00	5.786728	-17.413284
2.01	5.612102	-17.511353
2.02	5.436498	-17.609419
2.03	5.259912	-17.707485
2.04	5.082349	-17.805552
2.05	4.903802	-17.903618
2.06	4.724277	-18.001684
2.07	4.543770	-18.099751
2.08	4.362281	-18.197817
2.09	4.179812	-18.295883
2.10	3.996365	-18.393950
2.11	3.811934	-18.492016
2.12	3.626526	-18.590082
2.13	3.440134	-18.688148
2.14	3.252762	-18.786215
2.15	3.064409	-18.884281
2.16	2.875077	-18.982347
2.17	2.684763	-19.080414
2.18	2.493470	-19.178480
2.19	2.301194	-19.276546
2.20	2.107938	-19.374613
2.21	1.913701	-19.472681
2.22	1.718485	-19.570747
2.23	1.522287	-19.668814
2.24	1.325110	-19.766880
2.25	1.126951	-19.864946
2.26	0.927810	-19.963013
2.27	0.727689	-20.061079
2.28	0.526590	-20.159145
2.29	0.324508	-20.257212
2.30	0.121445	-20.355278
