0.000000 0.000000 100.000000
0.100000 2.000000 98.489998
0.200000 4.000000 96.959999
0.300000 6.000000 95.410004
0.400000 8.000000 93.839996
0.500000 10.000000 92.250000
0.600000 12.000000 90.639999
0.700000 14.000001 89.010002
0.800000 16.000002 87.360001
0.900000 18.000002 85.690002
1.000000 20.000002 84.000000
1.100000 22.000004 82.290001
1.200000 24.000004 80.559998
1.300000 26.000004 78.809998
1.400000 28.000004 77.040001
1.500000 30.000004 75.250000
1.600000 32.000004 73.440002
1.700000 34.000008 71.610001
1.800000 36.000008 69.760002
1.900000 38.000008 67.889992
2.000000 40.000004 66.000000
2.100000 42.000004 64.089996
2.200000 44.000000 62.160000
2.300000 46.000000 60.209999
2.400000 47.999996 58.240002
2.500000 49.999996 56.250004
2.600000 51.999992 54.240005
2.700000 53.999992 52.210011
2.799999 55.999989 50.160011
2.899999 57.999989 48.090012
2.999999 59.999985 46.000015
3.099999 61.999985 43.890015
3.199999 63.999981 41.760021
3.299999 65.999977 39.610023
3.399999 67.999977 37.440022
3.499999 69.999977 35.250027
3.599999 71.999977 33.040028
3.699999 73.999969 30.810028
3.799999 75.999969 28.560034
3.899998 77.999969 26.290035
3.999998 79.999969 24.000040
4.099998 81.999969 21.690035
4.199998 83.999969 19.360037
4.299998 85.999969 17.010038
4.399998 87.999962 14.640047
4.499998 89.999962 12.250048
4.599998 91.999962 9.840050
4.699998 93.999954 7.410049
4.799998 95.999954 4.960052
4.899998 97.999954 2.490053
4.999998 99.999954 0.000061
5.099998 101.999954 -2.509937
5.199997 103.999947 -5.039934
5.299997 105.999947 -7.589933
5.399997 107.999947 -10.159931
5.499997 109.999939 -12.749924
5.599997 111.999939 -15.359921
5.699997 113.999939 -17.989918
5.799997 115.999939 -20.639919
5.899997 117.999939 -23.309917
5.999997 119.999931 -25.999908
6.099997 121.999931 -28.709904
6.199996 123.999931 -31.439903
6.299996 125.999924 -34.189899
6.399996 127.999924 -36.959900
6.499996 129.999924 -39.749889
6.599996 131.999924 -42.559887
6.699996 133.999924 -45.389885
6.799996 135.999924 -48.239883
6.899996 137.999908 -51.109882
6.999996 139.999908 -53.999878
7.099996 141.999908 -56.909870
7.199996 143.999908 -59.839867
7.299995 145.999908 -62.789864
7.399995 147.999908 -65.759857
7.499995 149.999908 -68.749863
7.599995 151.999908 -71.759850
7.699995 153.999908 -74.789848
7.799995 155.999893 -77.839844
7.899995 157.999893 -80.909843
7.999995 159.999893 -83.999840
8.099995 161.999893 -87.109840
8.199995 163.999908 -90.239845
8.299995 165.999908 -93.389854
8.399996 167.999908 -96.559868
8.499996 169.999924 -99.749878
8.599997 171.999939 -102.959892
8.699997 173.999939 -106.189903
8.799997 175.999939 -109.439911
8.899998 177.999954 -112.709930
8.999998 179.999969 -115.999939
9.099998 181.999969 -119.309944
9.199999 183.999969 -122.639961
9.299999 185.999985 -125.989967
9.400000 188.000000 -129.359985
9.500000 190.000000 -132.750000
9.600000 192.000000 -136.160004
9.700001 194.000015 -139.590027
9.800001 196.000031 -143.040039
9.900002 198.000031 -146.510071
