#vA= 0.500000 m/s
#vK= 0.250000 m/s
#L0= 3.000000 m
#tS= 12.000000 s
#xS= 6.000000 m
# t(s)	xAchiles(m)	xKorytnacka(m)
0.000000 0.000000 3.000000
0.100000 0.050000 3.025000
0.200000 0.100000 3.050000
0.300000 0.150000 3.075000
0.400000 0.200000 3.100000
0.500000 0.250000 3.125000
0.600000 0.300000 3.150000
0.700000 0.350000 3.175000
0.800000 0.400000 3.200000
0.900000 0.450000 3.225000
1.000000 0.500000 3.250000
1.100000 0.550000 3.275000
1.200000 0.600000 3.300000
1.300000 0.650000 3.325000
1.400000 0.700000 3.350000
1.500000 0.750000 3.375000
1.600000 0.800000 3.400000
1.700000 0.850000 3.425000
1.800000 0.900000 3.450000
1.900000 0.950000 3.475000
2.000000 1.000000 3.500000
2.100000 1.050000 3.525000
2.200000 1.100000 3.550000
2.300000 1.150000 3.575000
2.400000 1.200000 3.600000
2.500000 1.250000 3.625000
2.600000 1.300000 3.650000
2.700000 1.350000 3.675000
2.799999 1.400000 3.700000
2.899999 1.450000 3.725000
2.999999 1.500000 3.750000
3.099999 1.550000 3.775000
3.199999 1.600000 3.800000
3.299999 1.649999 3.825000
3.399999 1.699999 3.850000
3.499999 1.749999 3.875000
3.599999 1.799999 3.900000
3.699999 1.849999 3.925000
3.799999 1.899999 3.950000
3.899998 1.949999 3.975000
3.999998 1.999999 4.000000
4.099998 2.049999 4.025000
4.199998 2.099999 4.050000
4.299998 2.149999 4.075000
4.399998 2.199999 4.099999
4.499998 2.249999 4.125000
4.599998 2.299999 4.150000
4.699998 2.349999 4.174999
4.799998 2.399999 4.199999
4.899998 2.449999 4.224999
4.999998 2.499999 4.250000
5.099998 2.549999 4.275000
5.199997 2.599999 4.299999
5.299997 2.649999 4.324999
5.399997 2.699999 4.349999
5.499997 2.749999 4.374999
5.599997 2.799999 4.399999
5.699997 2.849998 4.424999
5.799997 2.899998 4.449999
5.899997 2.949998 4.474999
5.999997 2.999998 4.499999
6.099997 3.049998 4.524999
6.199996 3.099998 4.549999
6.299996 3.149998 4.574999
6.399996 3.199998 4.599999
6.499996 3.249998 4.624999
6.599996 3.299998 4.649999
6.699996 3.349998 4.674999
6.799996 3.399998 4.699999
6.899996 3.449998 4.724999
6.999996 3.499998 4.749999
7.099996 3.549998 4.774999
7.199996 3.599998 4.799999
7.299995 3.649998 4.824999
7.399995 3.699998 4.849999
7.499995 3.749998 4.874999
7.599995 3.799998 4.899999
7.699995 3.849998 4.924999
7.799995 3.899997 4.949999
7.899995 3.949997 4.974998
7.999995 3.999997 4.999999
8.099995 4.049997 5.024999
8.199995 4.099998 5.049999
8.299995 4.149998 5.074999
8.399996 4.199998 5.099999
8.499996 4.249998 5.124999
8.599997 4.299998 5.149999
8.699997 4.349998 5.174999
8.799997 4.399999 5.199999
8.899998 4.449999 5.224999
8.999998 4.499999 5.250000
9.099998 4.549999 5.275000
9.199999 4.599999 5.300000
9.299999 4.650000 5.325000
9.400000 4.700000 5.350000
9.500000 4.750000 5.375000
9.600000 4.800000 5.400000
9.700001 4.850000 5.425000
9.800001 4.900001 5.450000
9.900002 4.950001 5.475000
10.000002 5.000001 5.500000
10.100002 5.050001 5.525001
10.200003 5.100001 5.550001
10.300003 5.150002 5.575001
10.400003 5.200002 5.600001
10.500004 5.250002 5.625001
10.600004 5.300002 5.650001
10.700005 5.350002 5.675001
10.800005 5.400002 5.700001
10.900005 5.450003 5.725001
11.000006 5.500003 5.750001
11.100006 5.550003 5.775002
11.200006 5.600003 5.800002
11.300007 5.650003 5.825002
11.400007 5.700004 5.850002
11.500008 5.750004 5.875002
11.600008 5.800004 5.900002
11.700008 5.850004 5.925002
11.800009 5.900004 5.950002
11.900009 5.950005 5.975002
12.000010 6.000005 6.000002
12.100010 6.050005 6.025002
12.200010 6.100005 6.050003
12.300011 6.150005 6.075003
12.400011 6.200006 6.100003
12.500011 6.250006 6.125003
12.600012 6.300006 6.150003
12.700012 6.350006 6.175003
12.800013 6.400006 6.200003
12.900013 6.450006 6.225003
13.000013 6.500007 6.250003
13.100014 6.550007 6.275003
13.200014 6.600007 6.300004
13.300014 6.650007 6.325004
13.400015 6.700007 6.350004
13.500015 6.750008 6.375004
13.600016 6.800008 6.400004
13.700016 6.850008 6.425004
13.800016 6.900008 6.450004
13.900017 6.950008 6.475004
14.000017 7.000009 6.500004
14.100018 7.050009 6.525004
14.200018 7.100009 6.550004
14.300018 7.150009 6.575005
14.400019 7.200009 6.600005
14.500019 7.250010 6.625005
14.600019 7.300010 6.650005
14.700020 7.350010 6.675005
14.800020 7.400010 6.700005
14.900021 7.450010 6.725005
15.000021 7.500010 6.750005
15.100021 7.550011 6.775005
15.200022 7.600011 6.800005
15.300022 7.650011 6.825006
15.400023 7.700011 6.850006
15.500023 7.750011 6.875006
15.600023 7.800012 6.900006
15.700024 7.850012 6.925006
15.800024 7.900012 6.950006
15.900024 7.950012 6.975006
16.000025 8.000012 7.000006
16.100025 8.050013 7.025006
16.200026 8.100013 7.050006
16.300026 8.150013 7.075006
16.400026 8.200013 7.100007
16.500027 8.250013 7.125007
16.600027 8.300014 7.150007
16.700027 8.350014 7.175007
16.800028 8.400014 7.200007
16.900028 8.450014 7.225007
17.000029 8.500014 7.250007
17.100029 8.550014 7.275007
17.200029 8.600015 7.300007
17.300030 8.650015 7.325007
17.400030 8.700015 7.350008
17.500031 8.750015 7.375008
17.600031 8.800015 7.400008
17.700031 8.850016 7.425008
17.800032 8.900016 7.450008
17.900032 8.950016 7.475008
18.000032 9.000016 7.500008
18.100033 9.050016 7.525008
18.200033 9.100017 7.550008
18.300034 9.150017 7.575008
18.400034 9.200017 7.600008
18.500034 9.250017 7.625009
18.600035 9.300017 7.650009
18.700035 9.350018 7.675009
18.800035 9.400018 7.700009
18.900036 9.450018 7.725009
19.000036 9.500018 7.750009
19.100037 9.550018 7.775009
19.200037 9.600019 7.800009
19.300037 9.650019 7.825009
19.400038 9.700019 7.850009
19.500038 9.750019 7.875010
19.600039 9.800019 7.900010
19.700039 9.850019 7.925010
19.800039 9.900020 7.950010
19.900040 9.950020 7.975010
20.000040 10.000020 8.000010
20.100040 10.050020 8.025010
20.200041 10.100020 8.050011
20.300041 10.150021 8.075010
20.400042 10.200021 8.100010
20.500042 10.250021 8.125010
20.600042 10.300021 8.150011
20.700043 10.350021 8.175011
20.800043 10.400022 8.200010
20.900043 10.450022 8.225011
21.000044 10.500022 8.250011
21.100044 10.550022 8.275011
21.200045 10.600022 8.300011
21.300045 10.650023 8.325011
21.400045 10.700023 8.350012
21.500046 10.750023 8.375011
21.600046 10.800023 8.400011
21.700047 10.850023 8.425012
21.800047 10.900023 8.450012
21.900047 10.950024 8.475012
22.000048 11.000024 8.500011
22.100048 11.050024 8.525012
22.200048 11.100024 8.550013
22.300049 11.150024 8.575012
22.400049 11.200025 8.600012
22.500050 11.250025 8.625012
22.600050 11.300025 8.650013
22.700050 11.350025 8.675013
22.800051 11.400025 8.700012
22.900051 11.450026 8.725013
23.000051 11.500026 8.750013
23.100052 11.550026 8.775013
23.200052 11.600026 8.800013
23.300053 11.650026 8.825013
23.400053 11.700027 8.850014
23.500053 11.750027 8.875013
23.600054 11.800027 8.900013
23.700054 11.850027 8.925014
23.800055 11.900027 8.950014
23.900055 11.950027 8.975014
24.000055 12.000028 9.000013
24.100056 12.050028 9.025014
24.200056 12.100028 9.050014
24.300056 12.150028 9.075014
24.400057 12.200028 9.100014
24.500057 12.250029 9.125014
24.600058 12.300029 9.150015
24.700058 12.350029 9.175014
24.800058 12.400029 9.200014
24.900059 12.450029 9.225015
25.000059 12.500030 9.250015
25.100060 12.550030 9.275015
25.200060 12.600030 9.300014
25.300060 12.650030 9.325015
25.400061 12.700030 9.350016
25.500061 12.750031 9.375015
25.600061 12.800031 9.400015
25.700062 12.850031 9.425015
25.800062 12.900031 9.450016
25.900063 12.950031 9.475016
26.000063 13.000031 9.500015
26.100063 13.050032 9.525016
26.200064 13.100032 9.550016
26.300064 13.150032 9.575016
26.400064 13.200032 9.600016
26.500065 13.250032 9.625016
26.600065 13.300033 9.650017
26.700066 13.350033 9.675016
26.800066 13.400033 9.700016
26.900066 13.450033 9.725017
27.000067 13.500033 9.750017
27.100067 13.550034 9.775017
27.200068 13.600034 9.800016
27.300068 13.650034 9.825017
27.400068 13.700034 9.850018
27.500069 13.750034 9.875017
27.600069 13.800035 9.900017
27.700069 13.850035 9.925017
27.800070 13.900035 9.950018
27.900070 13.950035 9.975018
28.000071 14.000035 10.000017
28.100071 14.050035 10.025018
28.200071 14.100036 10.050018
28.300072 14.150036 10.075018
28.400072 14.200036 10.100018
28.500072 14.250036 10.125018
28.600073 14.300036 10.150019
28.700073 14.350037 10.175018
28.800074 14.400037 10.200018
28.900074 14.450037 10.225019
29.000074 14.500037 10.250019
29.100075 14.550037 10.275019
29.200075 14.600038 10.300018
29.300076 14.650038 10.325019
29.400076 14.700038 10.350019
29.500076 14.750038 10.375019
29.600077 14.800038 10.400019
29.700077 14.850039 10.425019
29.800077 14.900039 10.450020
29.900078 14.950039 10.475019
30.000078 15.000039 10.500019
30.100079 15.050039 10.525020
30.200079 15.100039 10.550020
30.300079 15.150040 10.575020
30.400080 15.200040 10.600019
30.500080 15.250040 10.625020
30.600080 15.300040 10.650021
30.700081 15.350040 10.675020
30.800081 15.400041 10.700020
30.900082 15.450041 10.725020
31.000082 15.500041 10.750021
31.100082 15.550041 10.775021
31.200083 15.600041 10.800020
31.300083 15.650042 10.825021
31.400084 15.700042 10.850021
31.500084 15.750042 10.875021
31.600084 15.800042 10.900021
31.700085 15.850042 10.925021
31.800085 15.900043 10.950022
31.900085 15.950043 10.975021
32.000084 16.000042 11.000021
32.100082 16.050041 11.025021
32.200081 16.100040 11.050020
32.300079 16.150040 11.075020
32.400078 16.200039 11.100019
32.500076 16.250038 11.125019
32.600075 16.300037 11.150019
32.700073 16.350037 11.175018
32.800072 16.400036 11.200018
32.900070 16.450035 11.225018
33.000069 16.500034 11.250017
33.100067 16.550034 11.275017
33.200066 16.600033 11.300016
33.300064 16.650032 11.325016
33.400063 16.700031 11.350016
33.500061 16.750031 11.375015
33.600060 16.800030 11.400015
33.700058 16.850029 11.425014
33.800056 16.900028 11.450014
33.900055 16.950027 11.475014
34.000053 17.000027 11.500013
34.100052 17.050026 11.525013
34.200050 17.100025 11.550013
34.300049 17.150024 11.575012
34.400047 17.200024 11.600012
34.500046 17.250023 11.625011
34.600044 17.300022 11.650011
34.700043 17.350021 11.675011
34.800041 17.400021 11.700010
34.900040 17.450020 11.725010
35.000038 17.500019 11.750010
35.100037 17.550018 11.775009
35.200035 17.600018 11.800009
35.300034 17.650017 11.825008
35.400032 17.700016 11.850008
35.500031 17.750015 11.875008
35.600029 17.800014 11.900007
35.700027 17.850014 11.925007
35.800026 17.900013 11.950006
35.900024 17.950012 11.975006
36.000023 18.000011 12.000006
36.100021 18.050011 12.025005
36.200020 18.100010 12.050005
36.300018 18.150009 12.075005
36.400017 18.200008 12.100004
36.500015 18.250008 12.125004
36.600014 18.300007 12.150003
36.700012 18.350006 12.175003
36.800011 18.400005 12.200003
36.900009 18.450005 12.225002
37.000008 18.500004 12.250002
37.100006 18.550003 12.275002
37.200005 18.600002 12.300001
37.300003 18.650002 12.325001
37.400002 18.700001 12.350000
37.500000 18.750000 12.375000
37.599998 18.799999 12.400000
37.699997 18.849998 12.424999
37.799995 18.899998 12.449999
37.899994 18.949997 12.474998
37.999992 18.999996 12.499998
38.099991 19.049995 12.524998
38.199989 19.099995 12.549997
38.299988 19.149994 12.574997
38.399986 19.199993 12.599997
38.499985 19.249992 12.624996
38.599983 19.299992 12.649996
38.699982 19.349991 12.674995
38.799980 19.399990 12.699995
38.899979 19.449989 12.724995
38.999977 19.499989 12.749994
39.099976 19.549988 12.774994
39.199974 19.599987 12.799994
39.299973 19.649986 12.824993
39.399971 19.699986 12.849993
39.499969 19.749985 12.874992
39.599968 19.799984 12.899992
39.699966 19.849983 12.924992
39.799965 19.899982 12.949991
39.899963 19.949982 12.974991
39.999962 19.999981 12.999990
40.099960 20.049980 13.024990
40.199959 20.099979 13.049990
40.299957 20.149979 13.074989
40.399956 20.199978 13.099989
40.499954 20.249977 13.124989
40.599953 20.299976 13.149988
40.699951 20.349976 13.174988
40.799950 20.399975 13.199987
40.899948 20.449974 13.224987
40.999947 20.499973 13.249987
41.099945 20.549973 13.274986
41.199944 20.599972 13.299986
41.299942 20.649971 13.324986
41.399940 20.699970 13.349985
41.499939 20.749969 13.374985
41.599937 20.799969 13.399984
41.699936 20.849968 13.424984
41.799934 20.899967 13.449984
41.899933 20.949966 13.474983
41.999931 20.999966 13.499983
42.099930 21.049965 13.524982
42.199928 21.099964 13.549982
42.299927 21.149963 13.574982
42.399925 21.199963 13.599981
42.499924 21.249962 13.624981
42.599922 21.299961 13.649981
42.699921 21.349960 13.674980
42.799919 21.399960 13.699980
42.899918 21.449959 13.724979
42.999916 21.499958 13.749979
43.099915 21.549957 13.774979
43.199913 21.599957 13.799978
43.299911 21.649956 13.824978
43.399910 21.699955 13.849977
43.499908 21.749954 13.874977
43.599907 21.799953 13.899977
43.699905 21.849953 13.924976
43.799904 21.899952 13.949976
43.899902 21.949951 13.974976
43.999901 21.999950 13.999975
44.099899 22.049950 14.024975
44.199898 22.099949 14.049974
44.299896 22.149948 14.074974
44.399895 22.199947 14.099974
44.499893 22.249947 14.124973
44.599892 22.299946 14.149973
44.699890 22.349945 14.174973
44.799889 22.399944 14.199972
44.899887 22.449944 14.224972
44.999886 22.499943 14.249971
45.099884 22.549942 14.274971
45.199883 22.599941 14.299971
45.299881 22.649940 14.324970
45.399879 22.699940 14.349970
45.499878 22.749939 14.374969
45.599876 22.799938 14.399969
45.699875 22.849937 14.424969
45.799873 22.899937 14.449968
45.899872 22.949936 14.474968
45.999870 22.999935 14.499968
46.099869 23.049934 14.524967
46.199867 23.099934 14.549967
46.299866 23.149933 14.574966
46.399864 23.199932 14.599966
46.499863 23.249931 14.624966
46.599861 23.299931 14.649965
46.699860 23.349930 14.674965
46.799858 23.399929 14.699965
46.899857 23.449928 14.724964
46.999855 23.499928 14.749964
47.099854 23.549927 14.774963
47.199852 23.599926 14.799963
47.299850 23.649925 14.824963
47.399849 23.699924 14.849962
47.499847 23.749924 14.874962
47.599846 23.799923 14.899961
47.699844 23.849922 14.924961
47.799843 23.899921 14.949961
47.899841 23.949921 14.974960
47.999840 23.999920 14.999960
48.099838 24.049919 15.024960
48.199837 24.099918 15.049959
48.299835 24.149918 15.074959
48.399834 24.199917 15.099958
48.499832 24.249916 15.124958
48.599831 24.299915 15.149958
48.699829 24.349915 15.174957
48.799828 24.399914 15.199957
48.899826 24.449913 15.224957
48.999825 24.499912 15.249956
49.099823 24.549911 15.274956
49.199821 24.599911 15.299955
49.299820 24.649910 15.324955
49.399818 24.699909 15.349955
49.499817 24.749908 15.374954
49.599815 24.799908 15.399954
49.699814 24.849907 15.424953
49.799812 24.899906 15.449953
49.899811 24.949905 15.474953
49.999809 24.999905 15.499952
50.099808 25.049904 15.524952
50.199806 25.099903 15.549952
50.299805 25.149902 15.574951
50.399803 25.199902 15.599951
50.499802 25.249901 15.624950
50.599800 25.299900 15.649950
50.699799 25.349899 15.674950
50.799797 25.399899 15.699949
50.899796 25.449898 15.724949
50.999794 25.499897 15.749949
51.099792 25.549896 15.774948
51.199791 25.599895 15.799948
51.299789 25.649895 15.824947
51.399788 25.699894 15.849947
51.499786 25.749893 15.874947
51.599785 25.799892 15.899946
51.699783 25.849892 15.924946
51.799782 25.899891 15.949945
51.899780 25.949890 15.974945
51.999779 25.999889 15.999945
52.099777 26.049889 16.024944
52.199776 26.099888 16.049944
52.299774 26.149887 16.074944
52.399773 26.199886 16.099943
52.499771 26.249886 16.124943
52.599770 26.299885 16.149942
52.699768 26.349884 16.174942
52.799767 26.399883 16.199942
52.899765 26.449883 16.224941
52.999763 26.499882 16.249941
53.099762 26.549881 16.274940
53.199760 26.599880 16.299940
53.299759 26.649879 16.324940
53.399757 26.699879 16.349939
53.499756 26.749878 16.374939
53.599754 26.799877 16.399939
53.699753 26.849876 16.424938
53.799751 26.899876 16.449938
53.899750 26.949875 16.474937
53.999748 26.999874 16.499937
54.099747 27.049873 16.524937
54.199745 27.099873 16.549936
54.299744 27.149872 16.574936
54.399742 27.199871 16.599936
54.499741 27.249870 16.624935
54.599739 27.299870 16.649935
54.699738 27.349869 16.674934
54.799736 27.399868 16.699934
54.899734 27.449867 16.724934
54.999733 27.499866 16.749933
55.099731 27.549866 16.774933
55.199730 27.599865 16.799932
55.299728 27.649864 16.824932
55.399727 27.699863 16.849932
55.499725 27.749863 16.874931
55.599724 27.799862 16.899931
55.699722 27.849861 16.924931
55.799721 27.899860 16.949930
55.899719 27.949860 16.974930
55.999718 27.999859 16.999929
56.099716 28.049858 17.024929
56.199715 28.099857 17.049929
56.299713 28.149857 17.074928
56.399712 28.199856 17.099928
56.499710 28.249855 17.124928
56.599709 28.299854 17.149927
56.699707 28.349854 17.174927
56.799706 28.399853 17.199926
56.899704 28.449852 17.224926
56.999702 28.499851 17.249926
57.099701 28.549850 17.274925
57.199699 28.599850 17.299925
57.299698 28.649849 17.324924
57.399696 28.699848 17.349924
57.499695 28.749847 17.374924
57.599693 28.799847 17.399923
57.699692 28.849846 17.424923
57.799690 28.899845 17.449923
57.899689 28.949844 17.474922
57.999687 28.999844 17.499922
58.099686 29.049843 17.524921
58.199684 29.099842 17.549921
58.299683 29.149841 17.574921
58.399681 29.199841 17.599920
58.499680 29.249840 17.624920
58.599678 29.299839 17.649920
58.699677 29.349838 17.674919
58.799675 29.399837 17.699919
58.899673 29.449837 17.724918
58.999672 29.499836 17.749918
59.099670 29.549835 17.774918
59.199669 29.599834 17.799917
59.299667 29.649834 17.824917
59.399666 29.699833 17.849916
59.499664 29.749832 17.874916
59.599663 29.799831 17.899916
59.699661 29.849831 17.924915
59.799660 29.899830 17.949915
59.899658 29.949829 17.974915
59.999657 29.999828 17.999914
60.099655 30.049828 18.024914
60.199654 30.099827 18.049913
60.299652 30.149826 18.074913
60.399651 30.199825 18.099913
60.499649 30.249825 18.124912
60.599648 30.299824 18.149912
60.699646 30.349823 18.174911
60.799644 30.399822 18.199911
60.899643 30.449821 18.224911
60.999641 30.499821 18.249910
61.099640 30.549820 18.274910
61.199638 30.599819 18.299910
61.299637 30.649818 18.324909
61.399635 30.699818 18.349909
61.499634 30.749817 18.374908
61.599632 30.799816 18.399908
61.699631 30.849815 18.424908
61.799629 30.899815 18.449907
61.899628 30.949814 18.474907
61.999626 30.999813 18.499907
62.099625 31.049812 18.524906
62.199623 31.099812 18.549906
62.299622 31.149811 18.574905
62.399620 31.199810 18.599905
62.499619 31.249809 18.624905
62.599617 31.299809 18.649904
62.699615 31.349808 18.674904
62.799614 31.399807 18.699903
62.899612 31.449806 18.724903
62.999611 31.499805 18.749903
63.099609 31.549805 18.774902
63.199608 31.599804 18.799902
63.299606 31.649803 18.824902
63.399605 31.699802 18.849901
63.499603 31.749802 18.874901
63.599602 31.799801 18.899900
63.699600 31.849800 18.924900
63.799599 31.899799 18.949900
63.899597 31.949799 18.974899
63.999596 31.999798 18.999899
64.099594 32.049797 19.024899
64.199593 32.099796 19.049898
64.299591 32.149796 19.074898
64.399590 32.199795 19.099897
64.499588 32.249794 19.124897
64.599586 32.299793 19.149897
64.699585 32.349792 19.174896
64.799583 32.399792 19.199896
64.899582 32.449791 19.224895
64.999580 32.499790 19.249895
65.099579 32.549789 19.274895
65.199577 32.599789 19.299894
65.299576 32.649788 19.324894
65.399574 32.699787 19.349894
65.499573 32.749786 19.374893
65.599571 32.799786 19.399893
65.699570 32.849785 19.424892
65.799568 32.899784 19.449892
65.899567 32.949783 19.474892
65.999565 32.999783 19.499891
66.099564 33.049782 19.524891
66.199562 33.099781 19.549891
66.299561 33.149780 19.574890
66.399559 33.199780 19.599890
66.499557 33.249779 19.624889
66.599556 33.299778 19.649889
66.699554 33.349777 19.674889
66.799553 33.399776 19.699888
66.899551 33.449776 19.724888
66.999550 33.499775 19.749887
67.099548 33.549774 19.774887
67.199547 33.599773 19.799887
67.299545 33.649773 19.824886
67.399544 33.699772 19.849886
67.499542 33.749771 19.874886
67.599541 33.799770 19.899885
67.699539 33.849770 19.924885
67.799538 33.899769 19.949884
67.899536 33.949768 19.974884
67.999535 33.999767 19.999884
68.099533 34.049767 20.024883
68.199532 34.099766 20.049883
68.299530 34.149765 20.074883
68.399529 34.199764 20.099882
68.499527 34.249763 20.124882
68.599525 34.299763 20.149881
68.699524 34.349762 20.174881
68.799522 34.399761 20.199881
68.899521 34.449760 20.224880
68.999519 34.499760 20.249880
69.099518 34.549759 20.274879
69.199516 34.599758 20.299879
69.299515 34.649757 20.324879
69.399513 34.699757 20.349878
69.499512 34.749756 20.374878
69.599510 34.799755 20.399878
69.699509 34.849754 20.424877
69.799507 34.899754 20.449877
69.899506 34.949753 20.474876
69.999504 34.999752 20.499876
70.099503 35.049751 20.524876
70.199501 35.099751 20.549875
70.299500 35.149750 20.574875
70.399498 35.199749 20.599874
70.499496 35.249748 20.624874
70.599495 35.299747 20.649874
70.699493 35.349747 20.674873
70.799492 35.399746 20.699873
70.899490 35.449745 20.724873
70.999489 35.499744 20.749872
71.099487 35.549744 20.774872
71.199486 35.599743 20.799871
71.299484 35.649742 20.824871
71.399483 35.699741 20.849871
71.499481 35.749741 20.874870
71.599480 35.799740 20.899870
71.699478 35.849739 20.924870
71.799477 35.899738 20.949869
71.899475 35.949738 20.974869
71.999474 35.999737 20.999868
